
81 81 648
1 2
1 3
1 4
1 5
1 6
1 7
1 8
1 9
1 10
1 11
1 12
1 13
1 14
1 15
1 16
1 17
10 18
10 19
10 20
10 21
10 22
10 23
10 24
10 25
10 11
10 12
10 13
10 14
10 15
10 16
10 17
11 26
11 27
11 28
11 29
11 30
11 31
11 32
11 33
11 12
11 13
11 14
11 15
11 16
11 17
12 34
12 35
12 36
12 37
12 38
12 39
12 40
12 41
12 13
12 14
12 15
12 16
12 17
13 42
13 43
13 44
13 45
13 46
13 47
13 48
13 49
13 14
13 15
13 16
13 17
14 50
14 51
14 52
14 53
14 54
14 55
14 56
14 57
14 15
14 16
14 17
15 58
15 59
15 60
15 61
15 62
15 63
15 64
15 65
15 16
15 17
16 66
16 67
16 68
16 69
16 70
16 71
16 72
16 73
16 17
17 74
17 75
17 76
17 77
17 78
17 79
17 80
17 81
2 3
2 4
2 5
2 6
2 7
2 8
2 9
2 18
2 26
2 34
2 42
2 50
2 58
2 66
2 74
18 19
18 20
18 21
18 22
18 23
18 24
18 25
18 26
18 34
18 42
18 50
18 58
18 66
18 74
26 27
26 28
26 29
26 30
26 31
26 32
26 33
26 34
26 42
26 50
26 58
26 66
26 74
34 35
34 36
34 37
34 38
34 39
34 40
34 41
34 42
34 50
34 58
34 66
34 74
42 43
42 44
42 45
42 46
42 47
42 48
42 49
42 50
42 58
42 66
42 74
50 51
50 52
50 53
50 54
50 55
50 56
50 57
50 58
50 66
50 74
58 59
58 60
58 61
58 62
58 63
58 64
58 65
58 66
58 74
66 67
66 68
66 69
66 70
66 71
66 72
66 73
66 74
74 75
74 76
74 77
74 78
74 79
74 80
74 81
3 4
3 5
3 6
3 7
3 8
3 9
3 19
3 27
3 35
3 43
3 51
3 59
3 67
3 75
19 20
19 21
19 22
19 23
19 24
19 25
19 27
19 35
19 43
19 51
19 59
19 67
19 75
27 28
27 29
27 30
27 31
27 32
27 33
27 35
27 43
27 51
27 59
27 67
27 75
35 36
35 37
35 38
35 39
35 40
35 41
35 43
35 51
35 59
35 67
35 75
43 44
43 45
43 46
43 47
43 48
43 49
43 51
43 59
43 67
43 75
51 52
51 53
51 54
51 55
51 56
51 57
51 59
51 67
51 75
59 60
59 61
59 62
59 63
59 64
59 65
59 67
59 75
67 68
67 69
67 70
67 71
67 72
67 73
67 75
75 76
75 77
75 78
75 79
75 80
75 81
4 5
4 6
4 7
4 8
4 9
4 20
4 28
4 36
4 44
4 52
4 60
4 68
4 76
20 21
20 22
20 23
20 24
20 25
20 28
20 36
20 44
20 52
20 60
20 68
20 76
28 29
28 30
28 31
28 32
28 33
28 36
28 44
28 52
28 60
28 68
28 76
36 37
36 38
36 39
36 40
36 41
36 44
36 52
36 60
36 68
36 76
44 45
44 46
44 47
44 48
44 49
44 52
44 60
44 68
44 76
52 53
52 54
52 55
52 56
52 57
52 60
52 68
52 76
60 61
60 62
60 63
60 64
60 65
60 68
60 76
68 69
68 70
68 71
68 72
68 73
68 76
76 77
76 78
76 79
76 80
76 81
5 6
5 7
5 8
5 9
5 21
5 29
5 37
5 45
5 53
5 61
5 69
5 77
21 22
21 23
21 24
21 25
21 29
21 37
21 45
21 53
21 61
21 69
21 77
29 30
29 31
29 32
29 33
29 37
29 45
29 53
29 61
29 69
29 77
37 38
37 39
37 40
37 41
37 45
37 53
37 61
37 69
37 77
45 46
45 47
45 48
45 49
45 53
45 61
45 69
45 77
53 54
53 55
53 56
53 57
53 61
53 69
53 77
61 62
61 63
61 64
61 65
61 69
61 77
69 70
69 71
69 72
69 73
69 77
77 78
77 79
77 80
77 81
6 7
6 8
6 9
6 22
6 30
6 38
6 46
6 54
6 62
6 70
6 78
22 23
22 24
22 25
22 30
22 38
22 46
22 54
22 62
22 70
22 78
30 31
30 32
30 33
30 38
30 46
30 54
30 62
30 70
30 78
38 39
38 40
38 41
38 46
38 54
38 62
38 70
38 78
46 47
46 48
46 49
46 54
46 62
46 70
46 78
54 55
54 56
54 57
54 62
54 70
54 78
62 63
62 64
62 65
62 70
62 78
70 71
70 72
70 73
70 78
78 79
78 80
78 81
7 8
7 9
7 23
7 31
7 39
7 47
7 55
7 63
7 71
7 79
23 24
23 25
23 31
23 39
23 47
23 55
23 63
23 71
23 79
31 32
31 33
31 39
31 47
31 55
31 63
31 71
31 79
39 40
39 41
39 47
39 55
39 63
39 71
39 79
47 48
47 49
47 55
47 63
47 71
47 79
55 56
55 57
55 63
55 71
55 79
63 64
63 65
63 71
63 79
71 72
71 73
71 79
79 80
79 81
8 9
8 24
8 32
8 40
8 48
8 56
8 64
8 72
8 80
24 25
24 32
24 40
24 48
24 56
24 64
24 72
24 80
32 33
32 40
32 48
32 56
32 64
32 72
32 80
40 41
40 48
40 56
40 64
40 72
40 80
48 49
48 56
48 64
48 72
48 80
56 57
56 64
56 72
56 80
64 65
64 72
64 80
72 73
72 80
80 81
9 25
9 33
9 41
9 49
9 57
9 65
9 73
9 81
25 33
25 41
25 49
25 57
25 65
25 73
25 81
33 41
33 49
33 57
33 65
33 73
33 81
41 49
41 57
41 65
41 73
41 81
49 57
49 65
49 73
49 81
57 65
57 73
57 81
65 73
65 81
73 81
