
81 81 396
1 2
1 3
1 4
1 5
1 6
1 7
1 8
1 9
1 10
3 11
3 4
3 5
3 6
3 7
3 8
3 9
3 10
4 12
4 5
4 6
4 7
4 8
4 9
4 10
5 13
5 6
5 7
5 8
5 9
5 10
6 14
6 7
6 8
6 9
6 10
7 15
7 8
7 9
7 10
8 16
8 9
8 10
9 17
9 10
10 18
2 19
2 11
2 12
2 13
2 14
2 15
2 16
2 17
2 18
11 20
11 12
11 13
11 14
11 15
11 16
11 17
11 18
12 21
12 13
12 14
12 15
12 16
12 17
12 18
13 22
13 14
13 15
13 16
13 17
13 18
14 23
14 15
14 16
14 17
14 18
15 24
15 16
15 17
15 18
16 25
16 17
16 18
17 26
17 18
18 27
19 28
19 20
19 21
19 22
19 23
19 24
19 25
19 26
19 27
20 29
20 21
20 22
20 23
20 24
20 25
20 26
20 27
21 30
21 22
21 23
21 24
21 25
21 26
21 27
22 31
22 23
22 24
22 25
22 26
22 27
23 32
23 24
23 25
23 26
23 27
24 33
24 25
24 26
24 27
25 34
25 26
25 27
26 35
26 27
27 36
28 37
28 29
28 30
28 31
28 32
28 33
28 34
28 35
28 36
29 38
29 30
29 31
29 32
29 33
29 34
29 35
29 36
30 39
30 31
30 32
30 33
30 34
30 35
30 36
31 40
31 32
31 33
31 34
31 35
31 36
32 41
32 33
32 34
32 35
32 36
33 42
33 34
33 35
33 36
34 43
34 35
34 36
35 44
35 36
36 45
37 46
37 38
37 39
37 40
37 41
37 42
37 43
37 44
37 45
38 47
38 39
38 40
38 41
38 42
38 43
38 44
38 45
39 48
39 40
39 41
39 42
39 43
39 44
39 45
40 49
40 41
40 42
40 43
40 44
40 45
41 50
41 42
41 43
41 44
41 45
42 51
42 43
42 44
42 45
43 52
43 44
43 45
44 53
44 45
45 54
46 55
46 47
46 48
46 49
46 50
46 51
46 52
46 53
46 54
47 56
47 48
47 49
47 50
47 51
47 52
47 53
47 54
48 57
48 49
48 50
48 51
48 52
48 53
48 54
49 58
49 50
49 51
49 52
49 53
49 54
50 59
50 51
50 52
50 53
50 54
51 60
51 52
51 53
51 54
52 61
52 53
52 54
53 62
53 54
54 63
55 64
55 56
55 57
55 58
55 59
55 60
55 61
55 62
55 63
56 65
56 57
56 58
56 59
56 60
56 61
56 62
56 63
57 66
57 58
57 59
57 60
57 61
57 62
57 63
58 67
58 59
58 60
58 61
58 62
58 63
59 68
59 60
59 61
59 62
59 63
60 69
60 61
60 62
60 63
61 70
61 62
61 63
62 71
62 63
63 72
64 73
64 65
64 66
64 67
64 68
64 69
64 70
64 71
64 72
65 74
65 66
65 67
65 68
65 69
65 70
65 71
65 72
66 75
66 67
66 68
66 69
66 70
66 71
66 72
67 76
67 68
67 69
67 70
67 71
67 72
68 77
68 69
68 70
68 71
68 72
69 78
69 70
69 71
69 72
70 79
70 71
70 72
71 80
71 72
72 81
73 74
73 75
73 76
73 77
73 78
73 79
73 80
73 81
74 75
74 76
74 77
74 78
74 79
74 80
74 81
75 76
75 77
75 78
75 79
75 80
75 81
76 77
76 78
76 79
76 80
76 81
77 78
77 79
77 80
77 81
78 79
78 80
78 81
79 80
79 81
80 81
