
81 81 162
1 2
1 3
1 4
1 5
4 6
4 7
4 8
8 9
8 10
8 11
11 12
11 13
11 14
14 15
14 16
14 17
17 18
17 19
17 20
20 21
20 22
20 23
23 24
23 25
23 5
5 26
5 27
2 28
2 6
2 26
6 29
6 9
9 30
9 12
12 31
12 15
15 32
15 18
18 33
18 21
21 34
21 24
24 35
24 26
26 36
28 37
28 29
28 36
29 38
29 30
30 39
30 31
31 40
31 32
32 41
32 33
33 42
33 34
34 43
34 35
35 44
35 36
36 45
37 46
37 38
37 45
38 47
38 39
39 48
39 40
40 49
40 41
41 50
41 42
42 51
42 43
43 52
43 44
44 53
44 45
45 54
46 55
46 47
46 54
47 56
47 48
48 57
48 49
49 58
49 50
50 59
50 51
51 60
51 52
52 61
52 53
53 62
53 54
54 63
55 64
55 56
55 63
56 65
56 57
57 66
57 58
58 67
58 59
59 68
59 60
60 69
60 61
61 70
61 62
62 71
62 63
63 72
64 73
64 65
64 72
65 74
65 66
66 75
66 67
67 76
67 68
68 77
68 69
69 78
69 70
70 79
70 71
71 80
71 72
72 81
73 3
73 74
73 81
74 7
74 75
75 10
75 76
76 13
76 77
77 16
77 78
78 19
78 79
79 22
79 80
80 25
80 81
81 27
3 7
3 27
7 10
10 13
13 16
16 19
19 22
22 25
25 27
