
81 81 144
1 2
1 3
3 4
3 5
5 6
5 7
7 8
7 9
9 10
9 11
11 12
11 13
13 14
13 15
15 16
15 17
17 18
2 19
2 4
4 20
4 6
6 21
6 8
8 22
8 10
10 23
10 12
12 24
12 14
14 25
14 16
16 26
16 18
18 27
19 28
19 20
20 29
20 21
21 30
21 22
22 31
22 23
23 32
23 24
24 33
24 25
25 34
25 26
26 35
26 27
27 36
28 37
28 29
29 38
29 30
30 39
30 31
31 40
31 32
32 41
32 33
33 42
33 34
34 43
34 35
35 44
35 36
36 45
37 46
37 38
38 47
38 39
39 48
39 40
40 49
40 41
41 50
41 42
42 51
42 43
43 52
43 44
44 53
44 45
45 54
46 55
46 47
47 56
47 48
48 57
48 49
49 58
49 50
50 59
50 51
51 60
51 52
52 61
52 53
53 62
53 54
54 63
55 64
55 56
56 65
56 57
57 66
57 58
58 67
58 59
59 68
59 60
60 69
60 61
61 70
61 62
62 71
62 63
63 72
64 73
64 65
65 74
65 66
66 75
66 67
67 76
67 68
68 77
68 69
69 78
69 70
70 79
70 71
71 80
71 72
72 81
73 74
74 75
75 76
76 77
77 78
78 79
79 80
80 81
